# Created by Octave 4.2.1, Thu May 11 14:21:32 2017 GMT <unknown@unknown>
# name: f1
# type: inline function
# nargs: 1
x
0
cos(x)


