# Created by Octave 4.2.1, Thu May 11 14:23:56 2017 GMT <unknown@unknown>
# name: y
# type: matrix
# rows: 3
# columns: 3
 8 1 6
 3 5 7
 4 9 2


